15
14
10
10
7
16
9
16
13
0
1
7
15
14
14
13
8
1
11
10
16
7
6
16
11
15
10
7
13
14
6
15
15
8
16
10
6
1
14
16
14
10
13
11
15
14
8
10
15
14
9
16
11
15
15
14
0
10
7
13
6
11
16
10
7
14
14
15
13
11
9
13
9
13
11
10
15
10
8
10
16
11
11
15
6
10
15
14
15
14
13
16
10
13
15
13
13
13
8
11
15
6
11
7
16
8
8
14
0
14
14
10
9
14
9
0
14
16
14
16
11
14
7
11
10
1
14
11
16
10
14
14
14
11
10
15
14
11
1
11
16
14
15
11
1
14
6
11
15
8
6
7
1
15
15
10
14
7
11
8
14
14
0
15
13
14
0
13
6
14
10
0
10
9
6
11
0
13
16
10
6
0
16
6
6
6
15
10
8
0
16
14
11
15
16
6
10
10
10
13
1
14
15
15
15
9
14
0
8
10
7
16
15
1
8
16
14
13
9
10
15
11
15
11
14
14
7
15
14
15
9
9
6
11
9
13
14
15
11
0
1
16
6
11
10
1
16
9
13
14
1
14
16
15
14
15
8
14
16
11
9
11
15
0
13
15
15
14
16
15
10
14
0
7
13
8
10
15
14
6
13
0
10
8
16
16
11
10
8
16
14
13
14
13
10
7
7
10
13
16
14
6
10
