15
14
10
10
7
16
0
16
13
0
1
14
15
14
14
13
15
16
11
10
16
7
6
16
1
15
10
14
9
14
6
15
15
8
16
10
14
1
14
16
14
15
8
11
15
14
8
14
15
13
14
16
11
15
15
9
14
10
10
13
6
11
16
10
7
14
14
15
13
11
9
13
14
13
9
10
13
10
8
10
1
11
11
11
6
10
15
8
15
14
13
16
10
13
15
13
11
13
16
7
15
10
11
16
16
8
8
14
10
10
14
10
7
7
9
0
16
16
8
16
11
13
7
11
10
1
14
14
16
11
14
9
15
11
10
15
14
11
6
16
16
14
15
11
1
14
1
11
15
8
6
11
1
15
15
10
14
7
11
9
14
14
0
14
13
14
0
13
6
14
10
0
7
15
6
11
0
13
16
10
1
0
16
6
6
6
15
7
8
7
16
11
11
14
16
6
10
15
16
13
1
14
15
15
10
6
14
1
8
10
16
16
15
9
8
8
14
13
9
10
7
11
15
8
14
14
16
15
15
15
9
14
6
11
9
16
14
15
11
0
1
16
11
11
10
11
16
8
13
14
1
0
16
15
14
15
8
14
16
11
9
11
15
0
13
15
15
13
16
15
16
14
13
9
13
8
10
15
14
6
13
15
7
8
16
16
11
10
8
16
14
13
7
11
10
7
1
10
13
15
14
6
11
