15
14
10
6
7
16
0
16
8
0
7
14
15
14
14
13
15
1
11
10
16
7
6
16
1
15
10
15
10
13
6
10
15
8
16
10
14
1
14
16
14
10
15
6
15
15
8
11
15
13
14
16
11
15
15
9
14
10
10
13
6
16
16
10
7
11
14
15
13
11
10
13
14
13
15
11
13
1
8
10
1
11
11
11
9
10
15
8
15
14
11
16
10
13
15
11
11
7
16
7
15
1
16
16
16
7
8
14
10
14
8
10
8
10
9
0
9
16
15
16
11
14
1
6
10
1
14
14
16
10
7
14
11
11
10
15
14
14
1
7
16
14
15
11
1
14
1
11
15
8
6
7
1
15
15
10
14
11
11
9
14
14
1
14
13
9
6
13
6
0
10
16
9
9
6
11
0
13
9
10
10
0
7
15
1
6
15
10
8
9
16
14
14
14
10
6
10
10
10
13
1
14
13
11
10
9
14
1
8
10
7
16
15
1
8
8
14
6
0
10
7
11
15
11
14
14
0
15
14
15
10
6
6
16
1
16
14
15
11
0
1
16
6
11
10
10
1
8
13
14
1
7
16
15
14
15
9
14
7
11
9
11
15
1
13
6
15
14
16
15
16
14
0
7
13
8
10
15
14
6
13
9
7
8
16
16
11
10
8
16
14
13
14
13
10
14
10
10
13
15
9
6
11
