15
14
10
10
7
16
0
16
13
0
1
14
15
14
14
13
0
15
11
10
16
7
10
16
1
15
10
7
10
14
13
15
15
8
16
10
14
1
14
16
14
10
13
11
15
14
10
10
15
13
14
16
11
15
15
9
14
10
10
13
6
11
16
10
7
14
14
15
13
7
9
13
9
13
16
10
13
10
8
10
16
11
11
15
6
10
15
8
6
14
13
10
10
13
15
0
11
13
16
11
15
6
11
13
16
8
8
14
11
10
14
10
7
14
9
0
16
16
14
16
11
14
7
11
14
1
14
14
16
10
14
14
14
11
10
15
14
11
1
16
16
14
15
11
1
14
1
11
15
8
6
7
15
15
15
10
14
7
11
9
14
14
0
14
13
14
16
13
6
14
10
0
7
9
6
11
0
13
16
10
6
0
16
15
6
6
15
10
8
16
16
14
11
14
16
6
0
10
10
13
1
14
15
16
10
9
14
1
8
10
7
16
15
14
8
9
14
13
9
10
15
11
15
11
14
14
9
15
14
15
9
9
6
11
9
16
14
15
11
0
0
16
6
11
10
11
16
9
13
1
1
14
16
15
0
15
8
14
16
11
9
11
15
0
13
15
6
14
16
15
16
14
0
7
13
10
10
15
13
6
13
0
10
8
14
13
11
10
16
16
14
13
14
13
10
7
7
10
13
15
14
6
11
