15
14
10
10
6
11
0
16
15
0
1
14
15
14
14
13
15
15
14
10
15
7
6
16
15
15
10
15
9
10
10
15
15
16
16
10
9
1
14
16
14
10
13
1
15
15
8
10
15
13
14
16
6
15
16
11
10
10
13
13
6
7
15
10
9
11
14
15
13
16
10
13
14
13
15
11
13
10
8
10
1
14
11
11
9
10
15
15
15
14
13
15
10
13
15
11
11
8
1
7
15
10
16
16
16
8
16
14
10
10
14
10
8
0
9
0
9
16
15
16
11
14
7
6
10
9
14
14
16
10
7
14
11
11
10
15
14
9
1
13
16
14
15
11
1
7
1
11
15
8
6
7
1
15
10
10
11
11
11
11
14
14
10
15
13
9
0
13
15
0
10
1
7
10
6
16
16
13
9
10
6
0
16
14
1
6
15
14
8
9
16
14
1
10
10
6
10
10
10
13
1
14
13
15
10
0
13
1
15
10
7
16
15
1
13
8
14
13
0
10
7
9
1
0
15
14
7
16
14
15
10
9
6
9
6
16
0
15
11
0
1
16
6
9
10
10
14
8
13
14
1
7
16
15
11
15
8
14
7
11
9
11
15
9
13
15
15
14
16
15
16
14
0
7
13
7
10
7
14
6
13
6
7
8
16
16
11
0
8
16
14
13
1
13
0
11
10
10
13
15
9
6
7
