15
14
10
10
7
16
7
9
13
0
6
14
15
14
14
15
11
1
10
0
16
7
14
16
1
15
10
16
9
14
6
7
15
8
16
10
14
1
14
16
14
10
13
8
15
14
8
8
15
16
14
16
11
15
15
9
14
10
10
13
8
11
16
10
7
14
14
15
13
11
9
13
14
13
16
11
16
10
8
10
1
11
11
11
6
10
15
8
15
14
13
1
11
13
15
15
11
13
16
14
10
6
11
16
16
8
0
14
10
7
14
8
7
14
9
0
16
16
8
16
10
14
7
11
14
10
14
11
16
16
14
14
15
11
10
15
14
11
1
16
16
15
15
11
14
16
1
11
15
6
6
7
1
15
15
0
14
7
15
8
14
14
0
10
13
7
0
13
6
14
10
16
7
9
13
8
15
13
16
0
6
8
16
15
6
6
15
10
8
1
10
14
11
14
16
13
10
10
10
13
1
14
15
15
10
9
14
9
8
10
7
16
15
1
8
8
14
13
9
10
7
11
15
11
14
14
7
15
14
6
10
10
6
11
9
16
14
15
11
0
1
16
6
11
14
11
16
14
13
14
1
13
16
15
14
15
13
14
16
11
16
11
15
9
10
15
15
14
6
15
16
14
0
7
8
8
10
15
14
6
13
0
13
8
16
16
11
10
8
16
16
11
14
13
10
7
7
10
13
15
14
6
11
