16
14
10
10
13
11
0
16
8
0
1
14
15
14
14
13
8
1
11
10
15
7
6
16
1
15
10
7
9
13
6
15
15
8
16
10
14
1
14
16
14
11
13
1
15
15
8
10
15
11
14
16
11
15
15
9
14
10
10
13
6
11
16
10
7
11
14
15
0
11
10
13
14
13
15
9
8
10
8
10
1
15
11
11
9
14
13
8
15
14
13
16
10
13
15
11
1
8
16
7
15
7
9
16
16
8
8
14
16
10
14
10
8
16
9
0
9
16
15
16
11
14
7
6
10
1
14
14
16
10
7
14
11
11
13
15
14
11
1
7
16
14
15
11
16
14
1
14
15
8
6
7
1
16
15
10
14
11
11
9
14
14
10
14
13
9
0
13
9
0
10
0
7
9
6
11
0
8
9
10
6
0
16
15
1
6
15
0
15
9
16
14
11
14
10
6
10
10
10
13
1
10
13
15
10
8
14
1
8
10
7
16
15
1
8
8
14
13
0
10
7
11
15
6
14
14
7
7
14
15
10
9
6
11
9
16
14
15
1
0
1
16
6
11
10
10
16
8
0
14
1
7
16
15
14
15
8
9
7
11
16
11
15
0
13
14
15
14
16
15
16
14
0
7
14
0
10
15
14
6
13
6
7
8
16
16
11
0
8
16
14
13
14
13
10
14
10
10
13
15
9
6
11
